157654094873578629529035999554256708511
65480343372422548043707933219776006261
125068026375670843255103524882208013818
8218613749787734244643222434109388970
315470399564675134671880023850770077997
209073225993367578900513735398547396433
97396032662263410186312305914597411447
84200212033853570211731781765681254177
165589946500619179339219402465704060780
271381301624103247709389477373024237531
156973920089716019066498519916586593433
170179181451593163857159015444664636977
128105963684638322675921938672134235592
34612649428570913806807634886084151228
193784450381088920200951448829110735091
255048923705532583630123278669241154161
319771383199225360548553920202180795225
237402202663005931324047137266686018291
224557466058694073961517899737742019436
259353570813274609878232810812540751026
112352384919524029016216755927602688832
48907215732675344315645037429022883085
318987371571596411445775973779439385306
67151169128563574450783496558456054760
294666435053889934181805382702344919631
66871786669393167293671367984618548731
27772187321182253172156404775924319261
98846102966454775732873632884000086733
264532839587316576507855882616237885542
144273673955983869586796854857939606953
45749640197817090251540957793230872644
13080363024791083654908383386652487766
181103820988371619922113033119397538363
295018244391298815045337319882605057032
116742023332236747885982244994248162337
78326158478119847119220594505185402135
161637039679255618898596936110130020916
87617786286025939378493602711072398214
31777603016006997315485516025298498120
297915409842903169940942770164258996527
278201965553093307313632338168928731255
307485350155791370956654419198908960357
163995359730699576565390241391760953152
163268901912959978701050540194232326445
129169241501468322309577293589146639198
227278884757602651137791779558487803966
203833847216001604489835564212634906335
87505802250258956898366668919919232579
219384621050329296803202970679508921231
129804376499651521485416064802333383696
338568298270190241194936791451861559401
129801874993455000413687989172820772120
80812435722899241312076224881542764165
148098479814615002665861032946349030629
58659185690023276908456481876036471182
184041497633322158688104560628105307847
195808795142603487500237838095604769821
78901781057462344081040755509400531787
102276469658529752595317350238634697860
221416152326543479109261341777343272671
166437483766697354815809859971030987213
203669640575279179955051545962181761536
123138346287415184385831868680596379618
291409788474514246956689033519461906806
214617106763543311508693382032630472019
90432268593756850796392634458436143702
74500198546816635489667472344397594842
262367057354763528706826688508428182498
164557049585268819371604465519801736831
200866169880529072532296698519082834639
225199839787237836313358389756548916
128650683761657002854716598001096808943
38194704001280327126116445665058444823
201754882263342908148337236268974471603
310391003539261489146835525106474615186
193708579412492233651651299931004315355
81317799637219069824376647262727931596
129778624415493364202954952672386931414
24848416399969375762160474066358306725
9043629005107426441058049978172879381
31822844173328898210010458691041905751
236726943629651866330865179749600009020
96702390166759537175259380516294392608
119264941734373568921214620246420277676
246941411831703612338634802634810535410
245868924989045253044368905896694765442
267686282642279010281752525095981684719
80999396570991932709929346589646543030
312610126018998128166053369173490025742
164969061081215530943697062555990201205
127134835879248742511911279079217209597
15885843357669277192040219514399315209
236414656147012299746349037668725722070
249721897640913369547476316035423396239
48012016217668431078871748619070406575
215785652240533644850715477164427930388
153068101060957224606005271780893269057
73967191911022122458800263222418550890
271557161583492291968286616381008322772
98777004122927721141957306058836097603
320210968087633396015818308222087810150
235042623369832052446892235631268755347
207091703041879860525751012678628288620
263569747521775262797676458240931224671
220488929252396347510213529127319465315
225467765021251713739679528383602582068
243999599474959540320099487772655723802
19521892397707331113849789331398364821
226828731422773039042259195668292037656
203880925069952352980239067767501724473
232531320913441148726724656370901684523
255341004781159400029460961755597775053
4900446473773633220767081659566710688
271170099990929479735336646248500168150
339180337616642705451988754687800422980
187558340956908115158755219181905813910
80045494165105477983010404739347791153
16522614578064814295111815696232714044
84678792725493766404115431930528086197
184675964437648902043547070634793574889
272476778327654416089817820385822904769
227638795433515603262214793426514336692
83434798382443941630151071072119038832
128027140012015923000728131024845119441
104429819135816508013115236702549645403
297855627736131007551304225391829201832
250024885545955548774676228381034227435
29806296614095113064928190003302627648
318628280493085885619821605989247384545
63845242677596172291547467855758670245
231762983801612623188587467096247941706
87216519705310922748213340233955023650
163266444649623515528110118248243636319
189770665390945373377193535163884343664
232309352228638716539839697511985495120
261009444108588756279699538193048056388
9399992056637863164589858250929014024
271826681183514089061589887004359066508
318128928798798425495295598108503247873
163769519439988813845558224263535356460
290547406391039248946036350846474413758
72741527622813475829753150538438203275
64547616309400331989845228949168963850
259150435124172897337137553933447595311
98448624531730857249409695742324762724
101224862800141866716967119811053837006
111006949274621800621304231021008979921
218057878560998085428935207272552073261
300651439973268724822256604210538288676
35726447532783346658088388659588247834
87275673902932089562370257722213744366
68341482412462778658205203442018354236
178002209023463969866616277091908368487
15463262786456547935704459829544558004
126567348054514262870867594649676789459
75260448522298584815556802556661367284
291218631222621585132474243100208231326
224077422418618390019097605631361887798
124238252982738382751437742967358932000
333535929077547260134693628805854398866
255679759856150002537641930292906485888
215454933301088059771720780223665955114
250505452051377922378950790087397759600
219476981736036739282379075155065037591
216429197873138286407044655608396106046
210374226839311735434520178320994968994
54218873674645382997795252482960724225
83330959176949780008012295428001034113
106836648822850491508000881605164575873
164594309822187152850276674621369267510
45342288902361201190947352056985715988
45534733054823569834748819485966418879
324072019641968711241885255412044871561
240707376439520211041521544663347489394
281453358512569184385431164877580128094
155235435089704774576708922216313740901
126202822195656393242355021464181453795
289049910262625553698158266030149991115
103292569466659345917358188989694709197
48691779036675638450994117008404180661
325981149100508968373026544378407174434
259951880644201928500178078989759995006
318666492878269264301133077728684891104
301010576719752475041566048355807748612
79978054234706799546799510311994847766
98580272285334376054689157857142161585
213942798027937061947566710992700373468
196898900778694291384447277482483647936
151938271427636333808484180255165511780
159491816395874099859256225995733378863
157815324302182535046573392793233735978
214710221798483270946411888391318724623
10079516294825233534350198624947154747
53807354850459043833387164700664468538
316151355634157800957399371023279485458
243765287592075818653784038890171058492
301554540843058340756737983506606278002
21891470382923903683053986270485073222
124271977041561165880766130228489583488
262736625773524483244986538185180451623
